Iteration 3 blocks:
target entity: 7
similar entities: 25912 38953 44525 52934 53145 53596 54945 55519 55621 56980

target entity: 25912
similar entities: 7 38953 44525 52934 53145 53596 54945 55519 55621 56980

target entity: 38953
similar entities: 7 25912 44525 52934 53145 53596 54945 55519 55621 56980

target entity: 44525
similar entities: 7 25912 38953 52934 53145 53596 54945 55519 55621 56980

target entity: 52934
similar entities: 7 25912 38953 44525 53145 53596 54945 55519 55621 56980

target entity: 53145
similar entities: 7 25912 38953 44525 52934 53596 54945 55519 55621 56980

target entity: 53596
similar entities: 7 25912 38953 44525 52934 53145 54945 55519 55621 56980

target entity: 54945
similar entities: 7 25912 38953 44525 52934 53145 53596 55519 55621 56980

target entity: 55519
similar entities: 7 25912 38953 44525 52934 53145 53596 54945 55621 56980

target entity: 55621
similar entities: 7 25912 38953 44525 52934 53145 53596 54945 55519 56980

target entity: 56980
similar entities: 7 25912 38953 44525 52934 53145 53596 54945 55519 55621

